config:
{'gamma': 'auto', 'C': 1.0, 'kernel': 'sigmoid'}

score = 0.4991076740035693

confusion matrix:
[[0 0 0 ... 0 0 0]
 [0 0 0 ... 0 0 0]
 [0 0 0 ... 0 0 0]
 ...
 [0 0 0 ... 0 0 0]
 [0 0 0 ... 0 0 0]
 [0 0 0 ... 0 0 0]]

report:
                precision    recall  f1-score   support

             (       0.00      0.00      0.00         3
             )       0.00      0.00      0.00         1
           2af       0.00      0.00      0.00        58
          3een       0.55      0.18      0.27       115
          5een       0.00      0.00      0.00         8
           5hi       0.00      0.00      0.00        23
           7a2       0.00      0.00      0.00        52
           alf       0.89      1.00      0.94       515
   alfHamzaFo2       0.00      0.00      0.00        25
  alfHamzaTa7t       0.00      0.00      0.00         5
      alfLayna       0.00      0.00      0.00        30
           ba2       0.92      0.08      0.14       145
           dad       0.00      0.00      0.00        26
           dal       0.00      0.00      0.00       105
           fa2       0.80      0.05      0.09        87
        fasla2       0.00      0.00      0.00         5
          five       0.00      0.00      0.00         1
          four       0.00      0.00      0.00         1
          geem       0.00      0.00      0.00        46
           ha2       0.00      0.00      0.00        90
         hamza       0.00      0.00      0.00         8
           kaf       1.00      0.20      0.34        54
           lam       0.44      0.89      0.59       382
        lam2lf       1.00      0.04      0.07        28
lam2lfHamzafo2       0.00      0.00      0.00         6
          meem       0.23      0.85      0.36       230
          nine       0.00      0.00      0.00         3
          noon       0.58      0.04      0.08       159
           ra2       0.63      0.72      0.67       166
           sad       0.00      0.00      0.00        22
          seen       0.39      0.34      0.37        88
         sheen       0.00      0.00      0.00        38
           six       0.00      0.00      0.00         2
           ta2       0.51      0.13      0.21       171
    ta2Marbota       0.80      0.34      0.47       119
          tha2       0.00      0.00      0.00        28
         three       0.00      0.00      0.00         2
           two       0.00      0.00      0.00         1
           wow       0.84      0.74      0.79       195
      wowHamze       0.00      0.00      0.00         2
           ya2       0.39      0.87      0.54       249
      ya2Hamza       0.00      0.00      0.00        13
           za2       0.00      0.00      0.00         8
           zal       0.00      0.00      0.00        20
          zeen       0.00      0.00      0.00        21
          zero       0.00      0.00      0.00         6

      accuracy                           0.50      3362
     macro avg       0.22      0.14      0.13      3362
  weighted avg       0.51      0.50      0.42      3362


