config:
{'gamma': 'auto', 'C': 80}

score = 0.7212968471148126

confusion matrix:
[[ 0  0  0 ...  0  1  0]
 [ 0  0  0 ...  0  0  0]
 [ 0  0 29 ...  0  0  0]
 ...
 [ 0  0  3 ... 10  0  0]
 [ 0  0  0 ...  0  2  0]
 [ 0  0  1 ...  1  0  2]]

report:
                precision    recall  f1-score   support

             (       0.00      0.00      0.00         3
             )       0.00      0.00      0.00         1
           2af       0.43      0.50      0.46        58
          3een       0.57      0.64      0.60       115
          5een       0.29      0.25      0.27         8
           5hi       0.29      0.43      0.35        23
           7a2       0.50      0.56      0.53        52
           alf       0.94      0.99      0.97       515
   alfHamzaFo2       0.85      0.68      0.76        25
  alfHamzaTa7t       1.00      0.20      0.33         5
      alfLayna       0.57      0.43      0.49        30
           ba2       0.62      0.65      0.64       145
           dad       0.74      0.54      0.62        26
           dal       0.65      0.63      0.64       105
           fa2       0.55      0.48      0.51        87
        fasla2       0.00      0.00      0.00         5
          five       0.00      0.00      0.00         1
          four       0.00      0.00      0.00         1
          geem       0.42      0.33      0.37        46
           ha2       0.59      0.46      0.51        90
         hamza       0.75      0.75      0.75         8
           kaf       0.66      0.76      0.71        54
           lam       0.80      0.89      0.84       382
        lam2lf       0.54      0.71      0.62        28
lam2lfHamzafo2       1.00      0.33      0.50         6
          meem       0.68      0.74      0.71       230
          nine       0.00      0.00      0.00         3
          noon       0.69      0.55      0.61       159
           ra2       0.71      0.80      0.75       166
           sad       0.81      0.77      0.79        22
          seen       0.68      0.74      0.71        88
         sheen       0.74      0.66      0.69        38
           six       0.00      0.00      0.00         2
           ta2       0.62      0.63      0.62       171
    ta2Marbota       0.71      0.53      0.61       119
          tha2       0.50      0.07      0.12        28
         three       0.00      0.00      0.00         2
           two       0.00      0.00      0.00         1
           wow       0.83      0.88      0.85       195
      wowHamze       0.00      0.00      0.00         2
           ya2       0.76      0.79      0.78       249
      ya2Hamza       1.00      0.15      0.27        13
           za2       0.42      0.62      0.50         8
           zal       0.67      0.50      0.57        20
          zeen       0.33      0.10      0.15        21
          zero       0.67      0.33      0.44         6

      accuracy                           0.72      3362
     macro avg       0.51      0.44      0.45      3362
  weighted avg       0.71      0.72      0.71      3362


