config:
{'gamma': 'auto', 'C': 100}

score = 0.7209994051160024

confusion matrix:
[[ 0  0  0 ...  0  1  0]
 [ 0  0  0 ...  0  0  0]
 [ 0  0 30 ...  0  0  0]
 ...
 [ 0  0  3 ... 10  0  0]
 [ 0  0  0 ...  0  3  0]
 [ 0  0  1 ...  1  0  2]]

report:
                precision    recall  f1-score   support

             (       0.00      0.00      0.00         3
             )       0.00      0.00      0.00         1
           2af       0.43      0.52      0.47        58
          3een       0.57      0.64      0.61       115
          5een       0.25      0.25      0.25         8
           5hi       0.24      0.39      0.30        23
           7a2       0.50      0.56      0.53        52
           alf       0.94      0.99      0.96       515
   alfHamzaFo2       0.85      0.68      0.76        25
  alfHamzaTa7t       1.00      0.20      0.33         5
      alfLayna       0.54      0.43      0.48        30
           ba2       0.62      0.64      0.63       145
           dad       0.75      0.58      0.65        26
           dal       0.65      0.61      0.63       105
           fa2       0.58      0.49      0.53        87
        fasla2       0.00      0.00      0.00         5
          five       0.00      0.00      0.00         1
          four       0.00      0.00      0.00         1
          geem       0.39      0.35      0.37        46
           ha2       0.58      0.44      0.50        90
         hamza       0.75      0.75      0.75         8
           kaf       0.68      0.76      0.72        54
           lam       0.81      0.90      0.85       382
        lam2lf       0.53      0.75      0.62        28
lam2lfHamzafo2       1.00      0.33      0.50         6
          meem       0.69      0.74      0.71       230
          nine       0.00      0.00      0.00         3
          noon       0.68      0.56      0.62       159
           ra2       0.72      0.80      0.76       166
           sad       0.77      0.77      0.77        22
          seen       0.71      0.74      0.72        88
         sheen       0.74      0.66      0.69        38
           six       0.00      0.00      0.00         2
           ta2       0.58      0.60      0.59       171
    ta2Marbota       0.72      0.53      0.61       119
          tha2       0.40      0.07      0.12        28
         three       0.00      0.00      0.00         2
           two       0.00      0.00      0.00         1
           wow       0.85      0.88      0.86       195
      wowHamze       0.00      0.00      0.00         2
           ya2       0.76      0.78      0.77       249
      ya2Hamza       1.00      0.15      0.27        13
           za2       0.42      0.62      0.50         8
           zal       0.67      0.50      0.57        20
          zeen       0.38      0.14      0.21        21
          zero       0.67      0.33      0.44         6

      accuracy                           0.72      3362
     macro avg       0.51      0.44      0.45      3362
  weighted avg       0.72      0.72      0.71      3362


