config:
{'gamma': 'auto', 'kernel': 'linear', 'C': 100}

score = 0.6606186793575253

confusion matrix:
[[ 0  0  0 ...  0  0  0]
 [ 0  0  0 ...  0  0  0]
 [ 0  0 22 ...  0  0  0]
 ...
 [ 0  0  2 ... 12  0  0]
 [ 0  0  0 ...  0  2  0]
 [ 0  0  2 ...  1  0  2]]

report:
                precision    recall  f1-score   support

             (       0.00      0.00      0.00         3
             )       0.00      0.00      0.00         1
           2af       0.31      0.38      0.34        58
          3een       0.51      0.58      0.54       115
          5een       0.23      0.38      0.29         8
           5hi       0.18      0.35      0.24        23
           7a2       0.31      0.38      0.34        52
           alf       0.94      0.97      0.96       515
   alfHamzaFo2       0.62      0.52      0.57        25
  alfHamzaTa7t       1.00      0.40      0.57         5
      alfLayna       0.41      0.43      0.42        30
           ba2       0.52      0.58      0.55       145
           dad       0.58      0.54      0.56        26
           dal       0.58      0.58      0.58       105
         eight       0.00      0.00      0.00         0
           fa2       0.52      0.46      0.49        87
        fasla2       0.25      0.20      0.22         5
          five       0.00      0.00      0.00         1
          four       0.00      0.00      0.00         1
          geem       0.35      0.35      0.35        46
           ha2       0.54      0.33      0.41        90
         hamza       0.46      0.75      0.57         8
           kaf       0.59      0.69      0.63        54
           lam       0.79      0.85      0.82       382
        lam2lf       0.51      0.71      0.60        28
lam2lfHamzafo2       1.00      0.50      0.67         6
          meem       0.63      0.63      0.63       230
          nine       0.00      0.00      0.00         3
          noon       0.57      0.48      0.53       159
           ra2       0.65      0.67      0.66       166
           sad       0.68      0.77      0.72        22
          seen       0.67      0.70      0.69        88
         sheen       0.71      0.66      0.68        38
           six       0.00      0.00      0.00         2
           ta2       0.53      0.50      0.51       171
    ta2Marbota       0.65      0.49      0.56       119
          tha2       0.12      0.04      0.06        28
         three       0.00      0.00      0.00         2
           two       0.00      0.00      0.00         1
           wow       0.79      0.85      0.82       195
      wowHamze       0.00      0.00      0.00         2
           ya2       0.71      0.65      0.68       249
      ya2Hamza       1.00      0.15      0.27        13
           za2       0.36      0.62      0.45         8
           zal       0.67      0.60      0.63        20
          zeen       0.25      0.10      0.14        21
          zero       0.50      0.33      0.40         6

      accuracy                           0.66      3362
     macro avg       0.44      0.41      0.41      3362
  weighted avg       0.66      0.66      0.66      3362


