config:
{'gamma': 'auto', 'C': 5}

score = 0.6799524092801904

confusion matrix:
[[ 0  0  0 ...  0  0  0]
 [ 0  0  0 ...  0  0  0]
 [ 0  0 22 ...  0  0  0]
 ...
 [ 0  0  2 ...  4  0  0]
 [ 0  0  0 ...  0  0  0]
 [ 0  0  4 ...  0  0  0]]

report:
                precision    recall  f1-score   support

             (       0.00      0.00      0.00         3
             )       0.00      0.00      0.00         1
           2af       0.47      0.38      0.42        58
          3een       0.49      0.57      0.53       115
          5een       0.00      0.00      0.00         8
           5hi       0.50      0.13      0.21        23
           7a2       0.52      0.33      0.40        52
           alf       0.90      1.00      0.95       515
   alfHamzaFo2       0.00      0.00      0.00        25
  alfHamzaTa7t       0.00      0.00      0.00         5
      alfLayna       1.00      0.03      0.06        30
           ba2       0.58      0.55      0.57       145
           dad       0.82      0.35      0.49        26
           dal       0.64      0.54      0.59       105
           fa2       0.57      0.51      0.54        87
        fasla2       0.00      0.00      0.00         5
          five       0.00      0.00      0.00         1
          four       0.00      0.00      0.00         1
          geem       0.59      0.37      0.45        46
           ha2       0.58      0.33      0.42        90
         hamza       0.00      0.00      0.00         8
           kaf       0.67      0.65      0.66        54
           lam       0.71      0.87      0.78       382
        lam2lf       0.53      0.57      0.55        28
lam2lfHamzafo2       0.00      0.00      0.00         6
          meem       0.57      0.80      0.67       230
          nine       0.00      0.00      0.00         3
          noon       0.63      0.49      0.55       159
           ra2       0.66      0.81      0.73       166
           sad       0.79      0.68      0.73        22
          seen       0.62      0.76      0.68        88
         sheen       0.80      0.63      0.71        38
           six       0.00      0.00      0.00         2
           ta2       0.54      0.61      0.57       171
    ta2Marbota       0.67      0.50      0.57       119
          tha2       0.00      0.00      0.00        28
         three       0.00      0.00      0.00         2
           two       0.00      0.00      0.00         1
           wow       0.81      0.85      0.83       195
      wowHamze       0.00      0.00      0.00         2
           ya2       0.62      0.82      0.71       249
      ya2Hamza       0.00      0.00      0.00        13
           za2       0.00      0.00      0.00         8
           zal       1.00      0.20      0.33        20
          zeen       0.00      0.00      0.00        21
          zero       0.00      0.00      0.00         6

      accuracy                           0.68      3362
     macro avg       0.38      0.31      0.32      3362
  weighted avg       0.65      0.68      0.65      3362


