config:
{'gamma': 'auto', 'C': 10}

score = 0.6969066032123736

confusion matrix:
[[ 0  0  0 ...  0  0  0]
 [ 0  0  0 ...  0  0  0]
 [ 0  0 22 ...  0  0  0]
 ...
 [ 0  0  2 ...  6  0  0]
 [ 0  0  0 ...  0  1  0]
 [ 0  0  4 ...  0  0  0]]

report:
                precision    recall  f1-score   support

             (       0.00      0.00      0.00         3
             )       0.00      0.00      0.00         1
           2af       0.40      0.38      0.39        58
          3een       0.51      0.60      0.55       115
          5een       0.00      0.00      0.00         8
           5hi       0.43      0.26      0.32        23
           7a2       0.50      0.38      0.43        52
           alf       0.92      1.00      0.96       515
   alfHamzaFo2       1.00      0.32      0.48        25
  alfHamzaTa7t       0.00      0.00      0.00         5
      alfLayna       0.88      0.23      0.37        30
           ba2       0.61      0.59      0.60       145
           dad       0.69      0.42      0.52        26
           dal       0.64      0.53      0.58       105
           fa2       0.52      0.49      0.51        87
        fasla2       0.00      0.00      0.00         5
          five       0.00      0.00      0.00         1
          four       0.00      0.00      0.00         1
          geem       0.47      0.35      0.40        46
           ha2       0.60      0.39      0.47        90
         hamza       1.00      0.50      0.67         8
           kaf       0.66      0.72      0.69        54
           lam       0.73      0.87      0.79       382
        lam2lf       0.55      0.61      0.58        28
lam2lfHamzafo2       1.00      0.33      0.50         6
          meem       0.62      0.78      0.69       230
          nine       0.00      0.00      0.00         3
          noon       0.66      0.50      0.57       159
           ra2       0.67      0.80      0.73       166
           sad       0.73      0.73      0.73        22
          seen       0.65      0.77      0.71        88
         sheen       0.79      0.71      0.75        38
           six       0.00      0.00      0.00         2
           ta2       0.57      0.63      0.60       171
    ta2Marbota       0.66      0.50      0.57       119
          tha2       0.00      0.00      0.00        28
         three       0.00      0.00      0.00         2
           two       0.00      0.00      0.00         1
           wow       0.84      0.87      0.86       195
      wowHamze       0.00      0.00      0.00         2
           ya2       0.67      0.83      0.74       249
      ya2Hamza       1.00      0.08      0.14        13
           za2       0.50      0.25      0.33         8
           zal       1.00      0.30      0.46        20
          zeen       1.00      0.05      0.09        21
          zero       0.00      0.00      0.00         6

      accuracy                           0.70      3362
     macro avg       0.49      0.36      0.39      3362
  weighted avg       0.69      0.70      0.68      3362


