config:
{'gamma': 'auto', 'C': 50}

score = 0.7150505651397977

confusion matrix:
[[ 0  0  0 ...  0  0  0]
 [ 0  0  0 ...  0  0  0]
 [ 0  0 25 ...  0  0  0]
 ...
 [ 0  0  2 ... 10  0  0]
 [ 0  0  0 ...  0  2  0]
 [ 0  0  1 ...  1  0  2]]

report:
                precision    recall  f1-score   support

             (       0.00      0.00      0.00         3
             )       0.00      0.00      0.00         1
           2af       0.42      0.43      0.43        58
          3een       0.56      0.63      0.59       115
          5een       0.20      0.12      0.15         8
           5hi       0.23      0.30      0.26        23
           7a2       0.47      0.52      0.50        52
           alf       0.93      0.99      0.96       515
   alfHamzaFo2       0.83      0.60      0.70        25
  alfHamzaTa7t       1.00      0.20      0.33         5
      alfLayna       0.58      0.47      0.52        30
           ba2       0.63      0.63      0.63       145
           dad       0.74      0.54      0.62        26
           dal       0.65      0.61      0.63       105
           fa2       0.51      0.48      0.50        87
        fasla2       0.00      0.00      0.00         5
          five       0.00      0.00      0.00         1
          four       0.00      0.00      0.00         1
          geem       0.44      0.37      0.40        46
           ha2       0.59      0.47      0.52        90
         hamza       0.60      0.75      0.67         8
           kaf       0.68      0.74      0.71        54
           lam       0.78      0.88      0.82       382
        lam2lf       0.51      0.71      0.60        28
lam2lfHamzafo2       1.00      0.33      0.50         6
          meem       0.70      0.77      0.73       230
          nine       0.00      0.00      0.00         3
          noon       0.69      0.53      0.60       159
           ra2       0.68      0.78      0.73       166
           sad       0.81      0.77      0.79        22
          seen       0.68      0.72      0.70        88
         sheen       0.70      0.61      0.65        38
           six       0.00      0.00      0.00         2
           ta2       0.61      0.63      0.62       171
    ta2Marbota       0.67      0.51      0.58       119
          tha2       0.50      0.04      0.07        28
         three       0.00      0.00      0.00         2
           two       0.00      0.00      0.00         1
           wow       0.84      0.88      0.86       195
      wowHamze       0.00      0.00      0.00         2
           ya2       0.74      0.80      0.77       249
      ya2Hamza       0.67      0.15      0.25        13
           za2       0.56      0.62      0.59         8
           zal       0.77      0.50      0.61        20
          zeen       0.50      0.10      0.16        21
          zero       0.67      0.33      0.44         6

      accuracy                           0.72      3362
     macro avg       0.50      0.42      0.44      3362
  weighted avg       0.71      0.72      0.70      3362


