config:
{'gamma': 1, 'C': 1.0}

score = 0.2257584770969661

confusion matrix:
[[0 0 0 ... 0 0 0]
 [0 0 0 ... 0 0 0]
 [0 0 1 ... 0 0 0]
 ...
 [0 0 0 ... 1 0 0]
 [0 0 0 ... 0 1 0]
 [0 0 0 ... 0 0 0]]

report:
                precision    recall  f1-score   support

             (       0.00      0.00      0.00         3
             )       0.00      0.00      0.00         1
           2af       1.00      0.02      0.03        58
          3een       1.00      0.02      0.03       115
          5een       0.00      0.00      0.00         8
           5hi       1.00      0.04      0.08        23
           7a2       1.00      0.06      0.11        52
           alf       0.99      0.51      0.68       515
   alfHamzaFo2       1.00      0.08      0.15        25
  alfHamzaTa7t       1.00      0.20      0.33         5
      alfLayna       1.00      0.03      0.06        30
           ba2       1.00      0.03      0.07       145
           dad       0.00      0.00      0.00        26
           dal       1.00      0.10      0.17       105
           fa2       1.00      0.06      0.11        87
        fasla2       1.00      0.20      0.33         5
          five       0.00      0.00      0.00         1
          four       0.00      0.00      0.00         1
          geem       1.00      0.02      0.04        46
           ha2       0.00      0.00      0.00        90
         hamza       0.00      0.00      0.00         8
           kaf       1.00      0.04      0.07        54
           lam       0.13      1.00      0.23       382
        lam2lf       1.00      0.04      0.07        28
lam2lfHamzafo2       0.00      0.00      0.00         6
          meem       1.00      0.08      0.15       230
          nine       0.00      0.00      0.00         3
          noon       1.00      0.06      0.12       159
           ra2       1.00      0.06      0.11       166
           sad       0.00      0.00      0.00        22
          seen       1.00      0.02      0.04        88
         sheen       0.00      0.00      0.00        38
           six       0.00      0.00      0.00         2
           ta2       0.91      0.06      0.11       171
    ta2Marbota       1.00      0.04      0.08       119
          tha2       0.00      0.00      0.00        28
         three       0.00      0.00      0.00         2
           two       0.00      0.00      0.00         1
           wow       1.00      0.05      0.10       195
      wowHamze       0.00      0.00      0.00         2
           ya2       1.00      0.04      0.07       249
      ya2Hamza       0.00      0.00      0.00        13
           za2       0.00      0.00      0.00         8
           zal       1.00      0.05      0.10        20
          zeen       1.00      0.05      0.09        21
          zero       0.00      0.00      0.00         6

      accuracy                           0.23      3362
     macro avg       0.54      0.06      0.08      3362
  weighted avg       0.82      0.23      0.19      3362


