config:
{'gamma': 'auto', 'C': 1.0, 'kernel': 'linear'}

score = 0.6796549672813801

confusion matrix:
[[ 0  0  0 ...  0  0  0]
 [ 0  0  0 ...  0  0  0]
 [ 0  0 27 ...  0  0  0]
 ...
 [ 0  0  2 ... 12  0  0]
 [ 0  0  0 ...  0  3  0]
 [ 0  0  2 ...  0  0  2]]

report:
                precision    recall  f1-score   support

             (       0.00      0.00      0.00         3
             )       0.00      0.00      0.00         1
           2af       0.38      0.47      0.42        58
          3een       0.49      0.61      0.54       115
          5een       0.20      0.25      0.22         8
           5hi       0.17      0.30      0.22        23
           7a2       0.39      0.42      0.40        52
           alf       0.94      0.98      0.96       515
   alfHamzaFo2       0.81      0.68      0.74        25
  alfHamzaTa7t       1.00      0.40      0.57         5
      alfLayna       0.42      0.43      0.43        30
           ba2       0.56      0.61      0.58       145
           dad       0.64      0.54      0.58        26
           dal       0.59      0.55      0.57       105
         eight       0.00      0.00      0.00         0
           fa2       0.56      0.43      0.48        87
        fasla2       1.00      0.20      0.33         5
          five       0.00      0.00      0.00         1
          four       0.00      0.00      0.00         1
          geem       0.33      0.28      0.30        46
           ha2       0.58      0.41      0.48        90
         hamza       0.60      0.75      0.67         8
           kaf       0.61      0.70      0.66        54
           lam       0.79      0.84      0.81       382
        lam2lf       0.46      0.64      0.54        28
lam2lfHamzafo2       1.00      0.50      0.67         6
          meem       0.64      0.67      0.66       230
          nine       0.00      0.00      0.00         3
          noon       0.59      0.50      0.54       159
           ra2       0.67      0.75      0.70       166
           sad       0.68      0.77      0.72        22
          seen       0.70      0.72      0.71        88
         sheen       0.73      0.63      0.68        38
           six       0.00      0.00      0.00         2
           ta2       0.53      0.54      0.53       171
    ta2Marbota       0.67      0.50      0.57       119
          tha2       0.11      0.04      0.05        28
         three       0.00      0.00      0.00         2
           two       0.00      0.00      0.00         1
           wow       0.83      0.86      0.84       195
      wowHamze       0.00      0.00      0.00         2
           ya2       0.74      0.71      0.73       249
      ya2Hamza       1.00      0.15      0.27        13
           za2       0.33      0.62      0.43         8
           zal       0.75      0.60      0.67        20
          zeen       0.38      0.14      0.21        21
          zero       0.50      0.33      0.40         6

      accuracy                           0.68      3362
     macro avg       0.48      0.42      0.42      3362
  weighted avg       0.68      0.68      0.67      3362


