config:
{'gamma': 'auto', 'C': 1.0, 'kernel': 'poly'}

score = 0.15318262938726948

confusion matrix:
[[0 0 0 ... 0 0 0]
 [0 0 0 ... 0 0 0]
 [0 0 0 ... 0 0 0]
 ...
 [0 0 0 ... 0 0 0]
 [0 0 0 ... 0 0 0]
 [0 0 0 ... 0 0 0]]

report:
                precision    recall  f1-score   support

             (       0.00      0.00      0.00         3
             )       0.00      0.00      0.00         1
           2af       0.00      0.00      0.00        58
          3een       0.00      0.00      0.00       115
          5een       0.00      0.00      0.00         8
           5hi       0.00      0.00      0.00        23
           7a2       0.00      0.00      0.00        52
           alf       0.15      1.00      0.27       515
   alfHamzaFo2       0.00      0.00      0.00        25
  alfHamzaTa7t       0.00      0.00      0.00         5
      alfLayna       0.00      0.00      0.00        30
           ba2       0.00      0.00      0.00       145
           dad       0.00      0.00      0.00        26
           dal       0.00      0.00      0.00       105
           fa2       0.00      0.00      0.00        87
        fasla2       0.00      0.00      0.00         5
          five       0.00      0.00      0.00         1
          four       0.00      0.00      0.00         1
          geem       0.00      0.00      0.00        46
           ha2       0.00      0.00      0.00        90
         hamza       0.00      0.00      0.00         8
           kaf       0.00      0.00      0.00        54
           lam       0.00      0.00      0.00       382
        lam2lf       0.00      0.00      0.00        28
lam2lfHamzafo2       0.00      0.00      0.00         6
          meem       0.00      0.00      0.00       230
          nine       0.00      0.00      0.00         3
          noon       0.00      0.00      0.00       159
           ra2       0.00      0.00      0.00       166
           sad       0.00      0.00      0.00        22
          seen       0.00      0.00      0.00        88
         sheen       0.00      0.00      0.00        38
           six       0.00      0.00      0.00         2
           ta2       0.00      0.00      0.00       171
    ta2Marbota       0.00      0.00      0.00       119
          tha2       0.00      0.00      0.00        28
         three       0.00      0.00      0.00         2
           two       0.00      0.00      0.00         1
           wow       0.00      0.00      0.00       195
      wowHamze       0.00      0.00      0.00         2
           ya2       0.00      0.00      0.00       249
      ya2Hamza       0.00      0.00      0.00        13
           za2       0.00      0.00      0.00         8
           zal       0.00      0.00      0.00        20
          zeen       0.00      0.00      0.00        21
          zero       0.00      0.00      0.00         6

      accuracy                           0.15      3362
     macro avg       0.00      0.02      0.01      3362
  weighted avg       0.02      0.15      0.04      3362


